上海_NR,6,7,13,9
浦东_NR,7,1,8,10
建设_NN,15,15,30,15
开发_NN,6,1,7,7
与_CC,5,0,5,7
法制_NN,3,0,3,3
同步_VV,1,1,2,1
ROOT_ORG,0,112,112,0
新华社_NN,9,0,9,16
张持坚_NR,1,10,11,1
二月_NT,9,0,9,16
十日_NT,1,0,1,1
电_NN,10,12,22,17
（_PU,15,5,20,31
记者_NN,8,0,8,8
谢金虎_NR,1,0,1,1
、_PU,57,0,57,125
）_PU,10,0,10,31
颁布_VV,1,8,9,1
近年_NT,2,0,2,6
来_LC,10,3,13,11
实行_VV,1,0,1,1
了_AS,31,0,31,41
涉及_VV,2,7,9,2
文件_NN,6,9,15,6
经济_NN,28,13,41,46
文教_NN,1,7,8,1
贸易_NN,16,9,25,16
规划_NN,3,3,6,3
科技_NN,4,1,5,4
领域_NN,4,9,13,5
等_ETC,22,0,22,23
的_DEC,85,0,85,98
七十一_CD,1,0,1,1
件_M,2,2,4,2
法规性_NN,1,0,1,4
，_PU,116,0,116,321
确保_VV,3,6,9,3
的_DEG,70,63,133,94
进行_NN,1,3,4,2
有序_JJ,1,0,1,1
。_PU,95,0,95,152
开放_NN,13,7,20,20
是_VC,11,69,80,27
一_CD,13,0,13,22
项_M,8,7,15,12
工程_NN,13,20,33,18
振兴_VV,1,4,5,1
建设_VV,6,10,16,6
现代化_NN,2,0,2,2
中心_NN,2,10,12,2
金融_NN,8,3,11,9
跨世纪_JJ,1,0,1,1
因此_AD,1,0,1,1
大量_AD,2,0,2,2
出现_VV,3,5,8,3
以前_NT,1,0,1,1
遇到_VV,1,5,6,1
不_AD,11,0,11,11
曾_AD,2,0,2,2
问题_NN,3,9,12,4
过_AS,1,0,1,1
新_JJ,11,0,11,21
情况_NN,4,6,10,4
对_P,17,12,29,38
此_PN,2,0,2,2
简单_VA,1,0,1,1
的_DEV,1,1,2,1
采取_VV,1,2,3,1
“_PU,16,4,20,26
干_VV,1,6,7,1
做法_NN,2,3,5,2
段_M,1,1,2,1
时间_NN,2,2,4,2
等_P,1,1,2,1
制定_VV,4,10,14,4
积累_VV,1,2,3,1
以后_LC,2,1,3,2
经验_NN,2,0,2,2
再_AD,2,0,2,2
法规_NN,2,0,2,2
条例_NN,1,1,2,1
”_PU,16,0,16,26
而_CC,3,0,3,3
借鉴_VV,1,5,6,1
发达_JJ,1,0,1,1
国家_NN,10,4,14,14
特区_NN,1,3,4,1
和_CC,37,0,37,43
深圳_NR,3,1,4,3
教训_NN,1,2,3,1
聘请_VV,2,8,10,2
国内外_NN,3,0,3,3
学者_NN,1,3,4,1
有关_JJ,7,0,7,8
专家_NN,2,1,3,2
积极_AD,9,0,9,10
及时_AD,2,2,4,2
地_DEV,5,4,9,5
推出_VV,3,19,22,4
使_VV,7,20,27,8
这些_DT,6,1,7,9
活动_NN,3,6,9,3
一_AD,2,0,2,2
就_AD,6,0,6,7
纳入_VV,1,3,4,1
被_SB,3,0,3,3
轨道_NN,1,1,2,1
去年_NT,18,1,19,24
初_LC,1,1,2,1
诞生_VV,1,3,4,1
新区_NN,4,1,5,4
中国_NR,43,0,43,70
第一_OD,2,1,3,2
家_M,15,28,43,28
医疗_NN,1,0,1,1
机构_NN,6,8,14,6
药品_NN,2,0,2,2
采购_NN,1,0,1,1
服务_NN,3,2,5,3
成交_VV,1,8,9,1
正_AD,3,0,3,3
因为_P,1,2,3,1
开始_VV,1,2,3,1
规范_VA,1,2,3,1
比较_AD,3,0,3,3
运转_VV,1,0,1,1
至今_VV,1,1,2,1
一亿多_CD,1,0,1,1
元_M,21,49,70,35
没有_VV,1,1,2,1
发现_VV,1,1,2,1
例_M,1,1,2,1
回扣_NN,1,1,2,1
建筑_NN,8,1,9,12
有_VE,15,46,61,24
开发_VV,2,9,11,2
主要_JJ,4,0,4,4
年_M,7,9,16,23
数百_CD,1,0,1,1
公司_NN,19,30,49,19
工地_NN,2,4,6,2
四千余_CD,1,0,1,1
个_M,17,17,34,25
遍布_VV,1,2,3,1
在_P,34,24,58,42
这_DT,8,6,14,9
热土_NN,1,1,2,1
片_M,1,0,1,1
上_LC,5,11,16,13
为_P,13,21,34,21
出台_VV,2,12,14,2
规范_VV,2,5,7,2
行为_NN,1,1,2,1
防止_VV,2,8,10,2
无序_JJ,1,0,1,1
现象_NN,1,1,2,1
管委会_NN,1,1,2,1
根据_P,3,2,5,3
上海市_NR,1,2,3,1
规定_NN,5,9,14,6
结合_VV,2,3,5,2
实际_NN,1,1,2,1
做到_VV,2,9,11,2
系列_M,2,1,3,3
市场_NN,11,10,21,11
其中_NN,11,0,11,14
包括_VV,3,14,17,4
办法_NN,3,15,18,4
施工_NN,2,0,2,2
招投标_NN,1,0,1,1
管理_NN,3,4,7,4
拆迁_NN,1,0,1,1
工作_NN,6,7,13,6
若干_CD,1,0,1,2
整治_VV,2,2,4,2
违章_JJ,1,0,1,1
实施_NN,1,0,1,1
通信_NN,2,5,7,2
配套_NN,2,4,6,2
设施_NN,3,0,3,3
及_CC,4,0,4,4
管线_NN,1,0,1,1
意见_NN,1,2,3,1
环境_NN,6,9,15,8
暂行_JJ,2,0,2,2
基本_AD,1,0,1,1
每_DT,5,3,8,5
环节_NN,1,1,2,1
都_AD,1,0,1,2
明确_VA,1,3,4,1
又_AD,1,0,1,1
具体_VA,1,1,2,1
进_VV,2,6,8,3
区_NN,14,6,20,16
部门_NN,3,4,7,3
送上_VV,1,3,4,1
先_AD,2,0,2,2
然后_AD,1,0,1,1
专门_JJ,1,0,1,1
队伍_NN,1,1,2,1
进行_VV,6,13,19,6
监督_NN,1,0,1,1
检查_NN,1,1,2,1
尽管_CS,1,0,1,1
有些_PN,2,0,2,2
粗_VA,1,0,1,1
还_AD,12,0,12,14
只_AD,1,0,1,1
受到_VV,1,6,7,1
有待_VV,1,1,2,1
完善_VV,1,2,3,1
实践_NN,1,0,1,1
中_LC,5,11,16,11
逐步_AD,3,0,3,3
但_AD,2,0,2,2
种_M,1,0,1,2
紧跟_VV,1,3,4,1
社会_NN,2,2,4,2
认为_VV,1,7,8,2
投资者_NN,2,2,4,2
评_NN,1,2,3,1
好_JJ,1,0,1,1
他们_PN,2,0,2,2
到_VV,5,10,15,6
能_VV,1,5,6,1
投资_VV,9,13,22,11
办事_NN,1,0,1,1
章法_NN,1,0,1,1
讲_VV,1,1,2,1
规矩_NN,1,0,1,1
利益_NN,1,0,1,1
得到_VV,4,11,15,4
保障_NN,3,6,9,6
完_VV,1,2,3,16
外商_NN,11,1,12,29
企业_NN,50,55,105,66
投资_NN,14,2,16,35
成为_VV,5,15,20,8
外贸_NN,1,1,2,1
增长点_NN,1,5,6,2
重要_JJ,4,0,4,4
唐虹_NR,1,8,9,1
北京_NR,4,0,4,10
十一日_NT,1,0,1,1
海关_NN,8,2,10,10
统计_NN,4,3,7,10
表明_VV,1,6,7,2
八五_NT,2,3,5,9
期间_NN,9,5,14,9
增长_VV,13,38,51,17
一九九０年_NT,2,2,4,3
一九九五年_NT,4,4,8,6
―_PU,1,0,1,1
进出口_NN,6,1,7,14
呈_VV,1,2,3,1
直线_AD,1,0,1,1
上升_VV,1,2,3,1
势_NN,1,1,2,1
之_DEC,2,0,2,2
出口_NN,11,2,13,13
年均_AD,1,0,1,2
百分之四十三点二_CD,1,0,1,1
进口_NN,5,0,5,5
百分之三十八点六_CD,1,0,1,1
实现_VV,9,18,27,10
总值_NN,3,5,8,3
达_VV,11,29,40,14
提高_VV,1,7,8,1
一千零九十八点二亿_CD,1,0,1,1
美元_M,14,38,52,27
占_VV,3,19,22,5
比重_NN,1,1,2,1
全_DT,4,1,5,20
国_NN,14,3,17,18
由_P,7,7,14,7
上_DT,4,1,5,12
百分之三十七_CD,1,1,2,1
百分之三十九_CD,1,0,1,1
发挥_VV,4,23,27,6
改善_VV,4,15,19,4
结构_NN,3,10,13,6
商品_NN,4,7,11,5
显著_JJ,2,0,2,2
作用_NN,2,7,9,6
工业_NN,8,9,17,10
制成品_NN,1,1,2,1
九成_CD,1,0,1,1
以上_LC,2,2,4,2
四百三十八点八亿_CD,1,0,1,1
比_P,6,7,13,16
百分之三十六点七_CD,1,0,1,1
明显_AD,2,0,2,2
高于_VV,2,15,17,3
水平_NN,3,5,8,3
平均_JJ,1,0,1,1
为主_VV,4,9,13,5
仍_AD,4,0,4,4
以_P,4,11,15,12
轻纺_NN,1,0,1,1
产品_NN,11,12,23,12
为_VC,7,32,39,13
出口额_NN,1,0,1,1
大_VA,3,4,7,3
最_AD,2,0,2,4
服装_NN,1,0,1,1
七十六点八亿_CD,1,0,1,1
而_AD,1,0,1,1
则_AD,2,0,2,2
机械_NN,3,8,11,5
原材料_NN,2,4,6,2
设备_NN,5,7,12,5
城市_NN,10,9,19,14
十四_CD,1,0,1,5
边境_NN,3,0,3,6
显著_VV,1,2,3,1
成就_NN,2,3,5,2
十二日_NT,1,0,1,1
外_NN,1,0,1,23
取得_VV,5,17,22,6
可喜_JJ,1,0,1,1
成果_NN,4,4,8,5
据_P,17,8,25,21
完成_VV,3,14,17,3
国内_NN,6,0,6,6
生产_NN,7,2,9,7
一百九十多亿_CD,1,0,1,1
前_LC,2,2,4,2
一九九一年_NT,2,1,3,2
九成多_CD,1,0,1,1
国务院_NN,1,0,1,2
批准_VV,5,32,37,8
于_P,5,5,10,5
一九九二年_NT,1,0,1,1
先后_AD,2,0,2,2
黑河_NR,1,0,1,1
瑞丽_NR,1,6,7,1
凭祥_NR,1,0,1,1
珲春_NR,1,0,1,1
伊宁_NR,1,0,1,1
同时_AD,2,0,2,2
设立_VV,5,11,16,5
合作区_NN,3,3,6,3
三_CD,4,0,4,6
多_AD,2,0,2,2
发展_NN,20,12,32,27
迅速_VA,3,12,15,5
地方_NN,1,0,1,1
实力_NN,3,3,6,3
增强_VV,2,3,5,2
；_PU,8,0,8,11
年平均_AD,1,0,1,1
百分之十七_CD,1,0,1,1
速度_NN,3,7,10,4
年平均_JJ,1,0,1,1
增长_NN,5,6,11,8
加快_VV,4,12,16,5
介绍_NN,2,1,3,2
步伐_NN,1,2,3,3
累计_AD,5,0,5,8
固定_JJ,1,0,1,2
资产_NN,3,1,4,3
一百二十亿_CD,1,0,1,1
昔日_AD,1,0,1,1
状况_NN,2,6,8,3
畅_VA,1,11,12,1
楼_NN,1,0,1,1
高_VA,3,5,8,3
路_NN,1,0,1,1
平_VA,1,2,3,1
灯_NN,1,0,1,1
明_VA,1,2,3,1
水_NN,1,0,1,1
清_VA,1,2,3,1
通讯_NN,1,0,1,1
已_AD,17,8,25,27
改变_NN,1,0,1,1
内_LC,4,5,9,6
二十二点六_CD,1,0,1,1
平方公里_M,2,2,4,2
引进_VV,4,6,10,4
资_NN,1,3,4,1
二百八十七_CD,1,0,1,1
实际_AD,2,0,2,3
利用_VV,7,9,16,7
外资_NN,8,1,9,13
八点九亿_CD,1,0,1,1
此外_AD,3,0,3,3
投产_VV,1,6,7,1
内联_JJ,1,0,1,1
五千一百_CD,1,0,1,1
项目_NN,15,25,40,17
一百七十五_CD,1,0,1,1
建筑业_NN,2,1,3,3
开放_VV,8,10,18,8
呈现_VV,1,2,3,1
格局_NN,2,5,7,2
十三日_NT,2,0,2,3
进一步_AD,5,0,5,7
近_AD,6,10,16,8
初步_JJ,1,0,1,2
目前_NT,6,0,6,9
承包_VV,4,7,11,5
境内_NN,3,1,4,3
承包商_NN,3,7,10,3
国外_NN,3,0,3,3
一百三十七_CD,1,0,1,1
一百四十一_CD,1,0,1,1
最大_JJ,1,0,1,1
规模_NN,7,11,18,7
二十七点七亿_CD,1,0,1,1
中外_NN,3,1,4,3
合资_JJ,3,0,3,4
合作_NN,4,5,9,5
二千_CD,1,0,1,1
始于_VV,1,3,4,1
八十年代_NT,1,0,1,1
十几_CD,3,0,3,3
美国_NR,1,0,1,1
台湾_NR,3,11,14,3
日本_NR,8,0,8,12
法国_NR,1,0,1,1
英国_NR,1,0,1,1
德国_NR,1,0,1,1
芬兰_NR,1,0,1,1
意大利_NR,1,0,1,1
新加坡_NR,2,0,2,2
香港_NR,3,0,3,3
地区_NN,5,7,12,6
境外_NN,2,0,2,5
进入_VV,4,13,17,6
承包_NN,2,2,4,2
总_JJ,2,0,2,2
分包_NN,1,3,4,1
或_CC,4,0,4,5
世界_NN,3,0,3,4
二百二十五_CD,1,0,1,1
国际_NN,14,0,14,15
合资_VV,1,8,9,1
不少_CD,2,0,2,2
与_P,8,8,16,10
合作_VV,2,0,2,2
可_VV,1,15,16,3
建设部_NN,2,0,2,2
凡_AD,2,0,2,2
属于_P,1,2,3,1
组织_NN,1,2,3,1
贷款_VV,2,3,5,2
招标_VV,1,5,6,1
并_CC,5,0,5,5
公开_AD,1,0,1,1
全部_AD,2,0,2,2
外国_NN,3,0,3,3
赠款_NN,1,3,4,1
以及_CC,3,0,3,3
技术_NN,8,5,13,15
难以_AD,1,0,1,1
单独_AD,1,0,1,1
后_LC,2,2,4,2
审批_VV,1,2,3,1
资质证_NN,1,5,6,1
皆_AD,1,0,1,1
九月_NT,2,2,4,2
发布_VV,1,4,5,1
外经贸部_NN,1,2,3,1
联合_AD,2,0,2,2
《_PU,1,0,1,1
关于_P,1,1,2,1
》_PU,1,0,1,1
从_P,7,8,15,8
允许_VV,2,2,4,2
办_VV,1,1,2,1
西藏_NR,8,0,8,10
成绩_NN,2,1,3,2
央珍_NR,1,8,9,1
拉萨_NR,1,0,1,1
二日_NT,1,0,1,1
一九九一_NT,1,0,1,2
至_CC,4,0,4,6
坚持_VV,1,7,8,1
改革_NN,6,8,14,9
体制_NN,4,1,5,6
衔接_VV,1,5,6,1
框架_NN,3,2,5,3
一致_VV,3,7,10,3
方针_NN,1,1,2,1
顺利_AD,1,0,1,1
银行_NN,21,7,28,26
各_DT,7,3,10,9
级_M,1,0,1,1
人民_NN,3,0,3,5
分设_NN,1,0,1,1
信贷_NN,2,0,2,2
使用_NN,2,4,6,2
资金_NN,6,5,11,6
转变_NN,1,6,7,2
粗放型_NN,1,0,1,1
方式_NN,2,3,5,2
经营_NN,4,0,4,5
向_P,8,6,14,9
集约型_NN,1,0,1,1
突破_VV,1,11,12,2
存款_NN,7,7,14,7
首_OD,2,0,2,5
次_M,5,2,7,6
年_AD,3,0,3,3
增_VV,1,3,4,1
净_AD,1,0,1,1
大关_NN,1,1,2,1
二十亿_CD,1,0,1,1
分行_NN,3,3,6,3
自治区_NN,4,8,12,6
行长_NN,1,1,2,1
索朗达吉_NR,1,1,2,1
介绍_VV,3,22,25,6
撤销_VV,1,7,8,1
率先_AD,2,0,2,2
县支行_NN,1,2,3,1
农业_NN,2,0,2,2
挂牌_VV,1,5,6,1
一日_NT,1,2,3,1
七月_NT,1,0,1,1
正式_AD,3,0,3,3
营业_VV,1,0,1,1
外汇_NN,3,0,3,4
接轨_VV,1,1,2,1
结售_NN,1,0,1,1
制度_NN,3,9,12,3
新_VA,2,1,3,2
核销_NN,1,0,1,1
实施_VV,3,9,12,3
全面_AD,2,0,2,2
有效_VA,1,0,1,2
流失_NN,1,1,2,1
贷款_NN,14,16,30,18
增幅_NN,2,4,6,2
远远_AD,1,0,1,1
年初_NT,1,0,1,1
提出_VV,2,5,7,2
会议_NN,1,2,3,1
要求_NN,2,2,4,2
调整_VV,3,7,10,3
以_MSP,1,0,1,1
农牧业_NN,2,0,2,2
产业_NN,12,15,27,16
重点_NN,3,1,4,4
投入_NN,1,1,2,1
加大_VV,1,1,2,1
能源_NN,2,0,2,2
交通_NN,2,0,2,2
供应量_NN,1,3,4,1
正常_JJ,1,0,1,1
新增_VV,3,5,8,3
增加_VV,2,15,17,4
十四点四一亿_CD,1,0,1,1
八亿多_CD,1,0,1,1
扶贫_NN,2,0,2,2
四点三八亿_CD,1,0,1,1
乡镇_NN,2,0,2,2
百分之六十一点八三_CD,1,0,1,1
到_P,7,4,11,7
底_LC,2,2,4,5
余额_NN,3,8,11,4
七十一点六三亿_CD,1,0,1,1
期_NN,1,2,3,2
同_DT,2,1,3,3
百分之四十一点七八_CD,1,0,1,1
城乡_NN,2,0,2,2
居民_NN,1,0,1,1
储蓄_NN,1,0,1,2
十九点三七亿_CD,1,0,1,1
百分之四十八点二_CD,1,0,1,1
净增_VV,1,7,8,1
七五_NT,2,3,5,2
末_LC,2,3,5,3
一九八六_NT,1,0,1,2
五十亿_CD,1,0,1,1
平均_AD,1,0,1,1
百分之二十七点四九_CD,1,0,1,1
定期_JJ,1,0,1,1
百分之七十二点一五_CD,1,0,1,1
货币_NN,1,0,1,1
回笼_NN,1,1,2,1
增加_NN,1,1,2,1
平抑_VV,1,1,2,1
物价_NN,1,1,2,1
三资_JJ,1,2,3,3
人民币_NN,2,0,2,6
一千亿_CD,1,0,1,1
统计_VV,1,4,5,4
截至_P,1,1,2,1
九百九十五点六亿_CD,1,0,1,1
数字_NN,1,1,2,1
二百零三点三亿_CD,1,0,1,1
百分之二十七点六_CD,1,0,1,1
了解_NN,2,1,3,4
几_CD,1,0,1,2
随着_P,3,3,6,3
不断_JJ,2,0,2,2
深入_NN,1,4,5,1
来_VV,2,11,13,2
热情_NN,1,1,2,1
华_NR,2,0,2,3
很_AD,2,0,2,2
金额_NN,5,5,10,6
十分_AD,4,0,4,5
迄今_AD,2,0,2,2
二十五点九万_CD,1,0,1,1
使用_VV,1,3,4,1
一千三百五十四亿_CD,1,0,1,1
好_VA,1,8,9,1
十二万多_CD,1,0,1,1
开业_VV,2,4,6,2
而且_CC,3,0,3,3
绝大部分_NN,1,0,1,1
较_AD,2,0,2,2
总局_NN,1,2,3,1
税务_NN,1,0,1,1
缴纳_VV,1,2,3,1
所得税_NN,1,1,2,1
七十五点六七亿_CD,1,0,1,1
百分之五十七点一_CD,1,0,1,1
获得_VV,2,14,16,3
一半_CD,1,1,2,1
提供_VV,9,31,40,13
仅_AD,4,0,4,4
支持_VV,3,8,11,3
六百九十多亿_CD,1,0,1,1
另外_AD,1,0,1,1
发放_VV,2,8,10,2
现汇_NN,1,0,1,2
四十多亿_CD,1,0,1,1
重点_AD,4,0,4,5
基础_NN,4,1,5,5
化工_NN,2,0,2,2
行业_NN,2,1,3,2
达到_VV,6,19,25,7
二百一十亿_CD,1,0,1,1
二千五百九十三亿_CD,1,0,1,1
四百五十四亿_CD,1,0,1,1
约_AD,2,0,2,2
十五万_CD,1,0,1,1
开立_VV,1,3,4,1
帐户_NN,1,0,1,1
二万多_CD,1,0,1,1
支持_NN,1,2,3,2
保持_VV,2,7,9,2
负责人_NN,2,3,5,2
透露_VV,1,1,2,1
今年_NT,6,0,6,6
继续_VV,4,12,16,4
将_AD,14,0,14,16
其_PN,5,0,5,6
方面_NN,2,3,5,3
主渠道_NN,1,0,1,1
适度_JJ,1,0,1,1
倾斜_VV,1,5,6,1
电力_NN,2,4,6,2
尤其_AD,1,0,1,1
为_VV,7,19,26,11
大_JJ,11,0,11,20
大中型_JJ,1,0,1,1
高_JJ,7,0,7,17
利税_NN,2,5,7,2
也_AD,4,0,4,4
办事处_NN,2,4,6,3
崇明_NR,4,0,4,5
成立_VV,2,8,10,3
夏儒阁_NR,1,11,12,1
通讯员_NN,1,0,1,1
孔良_NR,1,0,1,1
经_P,3,2,5,3
总署_NN,1,2,3,1
驻_VV,1,2,3,1
日前_NT,1,0,1,1
办理_VV,3,5,8,3
业务_NN,7,10,17,7
这_PN,3,0,3,5
推进_VV,3,8,11,3
市郊_NN,1,0,1,1
外向_JJ,1,0,1,1
继_P,1,1,2,1
奉贤_NR,1,0,1,1
金山_NR,1,6,7,1
莘庄_NR,1,0,1,1
嘉定_NR,1,0,1,1
松江_NR,1,0,1,1
青浦_NR,1,0,1,1
之后_LC,1,1,2,1
第七_OD,1,0,1,1
岛_NN,2,3,5,2
第三_OD,1,0,1,1
具有_VV,3,9,12,3
优越_VA,1,1,2,1
条件_NN,4,8,12,4
地理_NN,1,0,1,1
历史_NN,1,3,4,1
悠久_VA,1,1,2,1
以来_LC,3,2,5,3
崇明县_NR,2,0,2,3
迅猛_VA,1,2,3,1
增多_VV,2,3,5,2
不断_AD,1,0,1,1
货物_NN,2,1,3,2
之一_NN,1,9,10,3
综合_JJ,4,0,4,5
百_CD,1,0,1,1
县_NN,2,4,6,2
强_JJ,1,0,1,1
可以_VV,1,6,7,1
设立_NN,1,1,2,1
单位_NN,1,1,2,1
足_NN,1,0,1,1
出_VV,1,3,4,1
起到_VV,1,7,8,1
一切_DT,1,0,1,1
手续_NN,1,2,3,2
吸引_VV,3,11,14,4
方便_VA,1,1,2,1
快捷_VA,1,0,1,1
把_BA,3,3,6,3
成_VV,1,0,1,1
高度_AD,1,0,1,1
港口_NN,1,3,4,1
大型_JJ,7,0,7,10
带动_VV,1,1,2,1
中转_NN,1,5,6,1
加工_NN,4,2,6,4
航运_NN,1,0,1,1
外向型_JJ,1,0,1,5
积极_VA,1,1,2,1
广西_NR,12,0,12,12
斐然_VV,1,2,3,1
刘水玉_NR,1,8,9,1
南宁_NR,2,1,3,2
十四日_NT,1,0,1,1
数_CD,1,0,1,1
北海_NR,4,0,4,4
拔地而起_VV,1,7,8,1
北部湾_NR,1,0,1,1
渔村_NN,1,4,5,1
默默无闻_VV,1,1,2,1
小_JJ,3,1,4,3
然而_AD,1,0,1,1
建成_VV,2,8,10,2
三五_CD,1,0,1,1
都市_NN,1,1,2,1
街_NN,1,0,1,1
客流_NN,1,0,1,1
如_VV,1,2,3,1
潮_NN,1,0,1,1
楼房_NN,1,0,1,1
升起_VV,1,2,3,1
明星_NN,1,2,3,1
颗_M,1,1,2,1
北海市_NR,1,0,1,1
崛起_NN,2,2,4,2
壮族_NN,2,0,2,2
卓著_JJ,1,0,1,1
标志_NN,1,0,1,1
现在_NT,1,0,1,1
形成_VV,3,14,17,4
初步_AD,1,0,1,1
沿海_NN,3,0,3,4
城镇_NN,1,5,6,1
开放区_NN,1,2,3,1
相_AD,1,0,1,1
沿江_NN,2,3,5,2
沿边_NN,1,0,1,2
腹地_NN,1,0,1,1
多_CD,4,1,5,4
层次_NN,1,3,4,1
总体_NN,1,0,1,1
资料_NN,1,1,2,1
显示_VV,1,7,8,2
过去_NT,1,0,1,1
五年_NT,3,2,5,3
扩大_VV,5,10,15,5
迅速_AD,3,0,3,3
贸易额_NN,5,4,9,6
一百亿_CD,1,0,1,1
六十八点七亿_CD,1,0,1,1
分别_AD,1,0,1,1
时期_NN,1,2,3,1
一点七八_CD,1,0,1,1
倍_M,2,4,6,2
一点四三_CD,1,0,1,1
三十三点二四亿_CD,1,0,1,1
总额_NN,1,5,6,2
累计_JJ,1,0,1,1
三十八点三九亿_CD,1,0,1,1
百分之八十四点四_CD,1,1,2,1
边贸_NN,1,0,1,1
成交额_NN,1,1,2,1
一百二十四亿_CD,1,0,1,1
作_VV,4,18,22,4
政府_NN,1,3,4,1
布局_NN,2,9,11,2
战略_NN,2,2,4,2
目标_NN,3,10,13,3
重大_JJ,4,0,4,5
调整_NN,1,1,2,1
下放_VV,1,6,7,1
加强_VV,3,7,10,3
横向_JJ,1,0,1,2
联合_NN,1,3,4,2
权_NN,1,0,1,1
防城_NR,1,3,4,1
钦州_NR,1,0,1,1
充分_AD,1,0,1,2
首府_NN,1,0,1,1
促进_VV,3,11,14,3
办好_VV,1,1,2,1
柳州市_NR,1,0,1,1
试验区_NN,2,8,10,3
玉林_NR,1,0,1,1
桂林_NR,1,0,1,1
旅游_NN,1,0,1,1
右江_NR,1,0,1,1
河谷_NN,1,1,2,1
开发带_NN,2,8,10,2
扶贫_JJ,1,0,1,1
红水河_NR,1,0,1,1
水电_NN,1,1,2,1
并_AD,2,0,2,2
一千三百多_CD,1,0,1,1
亿_CD,1,1,2,1
创造_VV,1,2,3,1
良好_JJ,1,0,1,1
为了_P,1,1,2,1
推动_VV,2,3,5,2
政策_NN,4,5,9,4
活跃_VA,1,2,3,1
相当_AD,1,0,1,1
生产性_JJ,1,0,1,1
骨干_NN,1,0,1,1
雄厚_VA,1,2,3,1
株式会社_NN,1,2,3,1
伊藤忠_NR,1,0,1,1
集团_NN,3,13,16,4
韩国_NR,6,2,8,6
大宇_NR,1,0,1,1
长江_NR,1,0,1,1
实业_NN,1,0,1,1
纷纷_AD,2,0,2,2
六千_CD,1,0,1,1
西南_NN,2,1,3,2
通道_NN,2,4,6,2
出海_JJ,1,0,1,1
便利_NN,1,1,2,1
四川_NR,2,0,2,2
云南_NR,1,0,1,1
贵州_NR,2,0,2,2
湖南_NR,1,0,1,1
市_NN,5,6,11,5
省_NN,4,1,5,5
完全_JJ,1,1,2,1
云南省_NR,1,0,1,1
一千多_CD,1,0,1,1
协作_JJ,1,0,1,1
协议_NN,1,0,1,1
数十亿_CD,1,0,1,1
甘肃省_NR,9,0,9,11
保险业_NN,1,2,3,2
涉外_JJ,1,0,1,2
曲直_NR,1,8,9,1
兰州_NR,2,0,2,2
十五日_NT,1,0,1,1
如今_NT,2,0,2,2
担忧_VV,1,7,8,1
风险_NN,6,3,9,7
顺利_JJ,1,0,1,1
已经_AD,1,0,1,1
六百一十一亿_CD,1,0,1,1
承保_JJ,1,0,1,1
范围_NN,2,4,6,2
财产_NN,1,0,1,1
人身_NN,1,4,5,1
责任_NN,2,0,2,2
信用_NN,4,0,4,6
类_M,3,3,6,5
四_CD,2,0,2,2
险种_NN,2,4,6,2
主_JJ,2,0,2,2
副_JJ,1,2,3,1
六十多_CD,1,0,1,1
适应_VV,1,9,10,1
蓬勃_AD,1,0,1,1
发展_VV,5,9,14,6
依据_P,1,1,2,1
投资商_NN,1,4,5,1
海外_NN,9,0,9,10
需要_NN,1,1,2,1
保险_NN,10,10,20,13
分公司_NN,1,2,3,1
运输_NN,4,4,8,4
引进_NN,2,2,4,2
到_CC,1,0,1,1
安装_VV,1,0,1,1
套_M,1,0,1,1
解除_VV,1,3,4,1
后顾之忧_NN,1,0,1,1
特别是_AD,1,0,1,1
开办_VV,2,10,12,2
正大_NR,1,0,1,1
华兴_NR,1,0,1,1
铝业_NN,1,0,1,1
常规_NN,1,0,1,1
汽车_NN,3,0,3,3
适时_AD,1,0,1,1
雇主_NN,1,0,1,1
损失险_NN,1,7,8,1
责任险_NN,1,0,1,1
利润_NN,1,0,1,1
满足_VV,1,2,3,1
需求_NN,3,6,9,3
投保率_NN,1,3,4,1
百分之九十_CD,1,0,1,1
人保_NR,1,0,1,3
承担_VV,1,3,4,1
七点七一亿_CD,1,0,1,1
支付_VV,2,9,11,2
赔款_NN,1,0,1,2
一千三百八十五点五万_CD,1,0,1,1
有力_VA,2,0,2,2
引大入秦_NN,1,2,3,1
长_VA,1,3,4,1
自流_JJ,1,0,1,1
灌溉_NN,1,1,2,1
水利_NN,1,0,1,1
十三_CD,1,0,1,1
保障额_NN,1,0,1,1
六点九三亿_CD,1,0,1,1
兰化_NR,1,0,1,1
化肥厂_NN,1,1,2,1
改扩建_NN,1,0,1,1
一点九亿_CD,1,0,1,1
安装_NN,1,0,1,1
针对_P,1,1,2,1
甘肃_NR,2,0,2,2
旅游业_NN,1,1,2,1
游客_NN,2,2,4,2
散客_NN,1,0,1,1
观光_VV,1,1,2,1
游览_VV,1,0,1,1
探索_VV,1,4,5,1
参与_VV,3,14,17,3
卫星_NN,1,0,1,1
发射_NN,1,1,2,1
共保_NN,1,1,2,1
分担_VV,1,1,2,1
一千万_CD,1,0,1,1
五百万_CD,2,0,2,2
西北_NR,1,0,1,1
航天_NN,1,0,1,1
开拓_VV,1,7,8,1
投保_NN,1,0,1,1
中标_VV,1,2,3,1
津巴布韦_NR,1,0,1,1
公路_NN,1,0,1,1
三千万_CD,1,0,1,1
一切险_NN,1,3,4,1
海外部_NN,1,4,5,1
石油_NN,2,0,2,2
机械厂_NN,1,0,1,1
平台_NN,1,5,6,1
钻井_NN,1,0,1,1
限额_NN,1,1,2,1
一千三百万_CD,1,0,1,1
洽谈会_NN,1,3,4,1
经贸_NN,4,0,4,7
人员_NN,2,5,7,2
劳务_NN,1,0,1,1
输出_NN,1,0,1,1
火电_NN,1,0,1,1
获_VV,1,3,4,1
债券_NN,3,0,3,4
高等级_NN,1,2,3,1
十六日_NT,1,0,1,1
最近_NT,1,0,1,1
等级_NN,3,6,9,3
ＡＡ－_FW,2,0,2,2
评级_NN,5,7,12,6
当前_NT,3,0,3,3
最高_JJ,1,0,1,1
研究所_NN,2,3,5,3
公社债_NN,1,0,1,3
确定_VV,1,2,3,1
内部_NN,1,1,2,1
主权_NN,1,0,1,1
十月_NT,1,1,2,1
野村_NR,1,0,1,1
证券_NN,1,0,1,1
顾问_NN,1,0,1,1
著名_VA,1,2,3,1
正式_JJ,1,0,1,1
申请_NN,1,2,3,1
决定_VV,1,2,3,1
创造_NN,1,4,5,1
资本_NN,1,0,1,1
融资_NN,1,0,1,1
准备_NN,1,0,1,1
以便_AD,1,0,1,1
来源_NN,1,1,2,1
机电_NN,1,0,1,1
成套_JJ,1,0,1,1
通过_P,1,1,2,1
书面_JJ,1,0,1,1
考察_NN,1,4,5,1
实地_JJ,1,0,1,1
形式_NN,1,1,2,1
背景_NN,1,1,2,1
机制_NN,2,2,4,2
运营_NN,1,2,3,1
现状_NN,1,3,4,1
之_PN,1,0,1,1
深_VA,1,2,3,1
杭州_NR,3,0,3,4
开发区_NN,7,6,13,7
显著_VA,1,6,7,2
唐庆忠_NR,1,8,9,1
二十一日_NT,1,0,1,1
转化_VV,3,11,14,3
成效_NN,1,0,1,1
为止_LC,1,1,2,1
四百一十_CD,1,0,1,1
认定_VV,1,3,4,1
二百二十三_CD,1,0,1,1
大专_NN,1,0,1,1
院校_NN,1,1,2,1
院所_NN,1,2,3,1
科研_NN,1,0,1,1
中_JJ,2,1,3,2
百分之七十_CD,1,0,1,1
二十多_CD,2,0,2,2
联合_VV,1,4,5,1
十多_CD,1,0,1,2
兴办_VV,1,2,3,1
七十八_CD,1,0,1,1
创汇_VV,2,8,10,2
技_NN,1,0,1,1
贸_NN,2,2,4,2
工_NN,2,0,2,2
收入_NN,1,2,3,1
三十亿_CD,1,0,1,1
税利_NN,1,0,1,1
４亿_CD,1,0,1,1
出口_VV,1,0,1,2
二千万_CD,1,0,1,1
位_VV,1,5,6,1
旅游城_NN,1,4,5,1
著名_JJ,1,0,1,1
风景_NN,1,0,1,1
市区_NN,1,1,2,1
――_PU,1,1,2,1
国家级_JJ,1,0,1,1
该_DT,2,0,2,6
特点_NN,1,3,4,2
五百五十多_CD,1,0,1,1
商品化_NN,1,0,1,1
应用_NN,2,6,8,2
推广_NN,1,0,1,1
五十七_CD,1,0,1,1
名列前茅_VV,1,5,6,1
列入_VV,1,1,2,1
计划_NN,2,4,6,2
火炬_NN,1,0,1,1
比例_NN,1,2,3,1
数量_NN,1,0,1,1
医药_NN,1,0,1,1
生物_NN,1,2,3,1
一体化_NN,2,8,10,2
材料_NN,2,1,3,2
计算机_NN,1,0,1,1
光_NN,1,0,1,1
具_VV,1,5,6,1
初_AD,1,0,1,1
现实_NN,1,0,1,1
生产力_NN,1,1,2,1
突出_JJ,2,0,2,2
主持_VV,1,6,7,1
浙江_NR,1,0,1,1
医科院_NN,1,1,2,1
院长_NN,1,1,2,1
院士_NN,1,3,4,1
科学_NN,1,1,2,1
毛江森_NR,1,1,2,1
疫苗_NN,2,5,7,2
成功_VA,1,3,4,1
研究_VV,1,0,1,1
先进_JJ,1,0,1,1
甲肝_NN,2,0,2,2
减毒_JJ,1,0,1,1
活_JJ,1,0,1,1
投入_VV,1,6,7,1
卫生部_NN,1,0,1,1
生产_VV,1,3,4,1
此_DT,3,3,6,3
普康_NR,1,0,1,1
产_VV,1,3,4,1
人份_M,1,1,2,1
控制_VV,1,2,3,1
流行_NN,1,1,2,1
意义_NN,1,1,2,1
转化_NN,1,2,3,1
突出_VA,1,4,5,1
尤为_AD,2,0,2,2
荣获_VV,1,3,4,1
奖_NN,1,2,3,1
发明_NN,1,1,2,1
氮_NN,1,0,1,1
保护气_NN,1,0,1,1
直拉_VV,1,1,2,1
硅_NN,2,0,2,2
单晶_NN,2,1,3,2
半导体厂_NN,1,2,3,1
浙大_NR,1,0,1,1
扩展_VV,1,8,9,1
佼佼者_NN,1,1,2,1
年产_NN,1,2,3,1
吨_M,5,4,9,5
居_VV,2,7,9,2
销售_NN,1,0,1,1
东南亚_NR,1,2,3,1
欧_NR,1,0,1,1
美_NR,1,1,2,1
许多_CD,2,0,2,2
两_CD,3,0,3,13
岸_NN,5,2,7,6
二百亿_CD,1,0,1,1
二十三日_NT,1,0,1,1
台_NR,2,0,2,2
经济部_NN,1,3,4,1
二百零九亿_CD,1,0,1,1
输出值_NN,1,1,2,1
祖国_NN,1,0,1,2
大陆_NN,2,1,3,2
一百七十八亿_CD,1,0,1,1
百分之二十_CD,1,0,1,1
输入值_NN,1,0,1,1
三十一亿_CD,1,0,1,1
百分之七十四_CD,1,0,1,1
顺差_NN,1,0,1,1
一百四十七亿_CD,1,0,1,1
台商_NN,2,0,2,2
趋向_VV,1,3,4,1
大型化_NN,1,0,1,1
核准_VV,1,2,3,1
当局_NN,1,1,2,1
投资案_NN,1,2,3,1
共_AD,1,0,1,1
四百九十_CD,1,0,1,1
十点九二亿_CD,1,0,1,1
减少_VV,1,3,4,1
四百四十四_CD,1,0,1,1
却_AD,1,0,1,1
一点三亿多_CD,1,0,1,1
运河_NN,16,4,20,19
京杭_NR,1,0,1,3
经济带_NN,2,1,3,2
崛起_VV,1,2,3,1
二十四日_NT,1,0,1,1
古老_VA,1,1,2,1
不仅_CC,1,0,1,1
贯通_VV,1,1,2,1
南北_NN,1,0,1,1
带动起_VV,1,1,2,1
条_M,4,1,5,4
走廊_NN,1,3,4,1
欣欣向荣_VV,1,1,2,1
繁华_VA,1,2,3,1
古来_AD,1,0,1,1
发达_VA,1,5,6,1
云集_VV,1,2,3,1
商贾_NN,1,0,1,1
整治_NN,2,3,5,2
航道_NN,1,0,1,1
星罗棋布_VV,1,6,7,1
极大_JJ,1,0,1,1
改善_NN,1,1,2,1
看好_VV,1,5,6,1
水道_NN,1,4,5,1
黄金_NN,1,0,1,1
建厂_VV,2,3,5,2
沿_P,5,3,8,7
河_NN,2,0,2,5
运量_NN,1,0,1,1
万_CD,1,0,1,1
不计其数_VV,1,5,6,1
二千多_CD,1,0,1,1
小_VA,1,1,2,1
作为_P,1,1,2,1
动脉_NN,1,3,4,1
水运_NN,2,1,3,2
沿岸_NN,1,0,1,2
给排水_NN,1,2,3,1
之_DEG,1,1,2,1
便_NN,1,1,2,1
生命_NN,1,0,1,1
要_VV,2,8,10,2
江苏_NR,1,0,1,1
苏钢_NR,3,0,3,3
靠_P,1,1,2,1
运输_VV,1,3,4,1
原料_NN,1,0,1,1
成品_NN,1,2,3,1
一百五十万_CD,1,0,1,1
便宜_VA,1,8,9,1
煤炭_NN,1,0,1,1
运来_VV,1,2,3,1
徐州_NR,1,0,1,1
走_VV,2,2,4,2
陆路_NN,1,0,1,1
运费_NN,1,0,1,1
节约_VV,1,10,11,1
十五_CD,1,0,1,1
厂家_NN,1,0,1,1
成本_NN,1,0,1,1
二千多万_CD,1,0,1,1
建_VV,2,12,14,2
对岸_NN,1,1,2,1
厂区_NN,1,1,2,1
自筹_VV,1,4,5,1
座_M,1,1,2,1
桥_NN,1,3,4,1
跨运河_JJ,1,0,1,1
厂_NN,3,4,7,3
老_JJ,1,0,1,1
连为_VV,1,2,3,1
一体_NN,1,0,1,1
钢铁_NN,1,0,1,1
建材_NN,1,0,1,1
当地_NN,1,0,1,1
支柱_NN,3,4,7,4
常州市_NR,2,0,2,2
零点五_CD,1,0,1,1
矿_NN,1,0,1,1
一百八十六_CD,1,0,1,1
分布_VV,2,11,13,4
常州_NR,1,0,1,1
培育_VV,1,3,4,1
十_CD,1,0,1,1
动力_NN,1,0,1,1
输变电_NN,1,0,1,1
七_CD,1,0,1,1
均_AD,1,0,1,1
无锡市_NR,2,0,2,2
五百多_CD,1,0,1,1
超亿元_JJ,1,0,1,1
产值_NN,4,5,9,4
五十多_CD,1,0,1,1
骨架_NN,1,2,3,1
镇江市_NR,2,0,2,2
四百三十五_CD,1,0,1,1
年_JJ,4,0,4,5
二十二亿_CD,1,0,1,1
一点六八亿_CD,1,0,1,1
镇江_NR,1,0,1,1
扬州市_NR,1,0,1,1
傍_P,1,1,2,1
而_MSP,1,0,1,1
一百三十余_CD,1,0,1,1
名牌_NN,1,0,1,1
大多_AD,1,0,1,1
扬州_NR,1,0,1,1
生长点_NN,1,2,3,1
良好_VA,2,1,3,2
优势_NN,3,6,9,3
大多数_CD,1,0,1,1
招商_NN,2,0,2,2
依托_VV,1,5,6,1
独资_JJ,1,0,1,1
多_VA,1,5,6,1
八_CD,2,0,2,2
更_AD,2,0,2,2
中_NR,1,0,1,9
韩_NR,5,1,6,9
研讨会_NN,5,9,14,7
举行_VV,1,8,9,2
即将_AD,2,0,2,2
二十七日_NT,1,0,1,1
值_VV,1,2,3,1
双边_JJ,1,0,1,1
大幅_AD,1,0,1,1
际_NN,1,1,2,1
四月_NT,1,1,2,1
十九日_NT,1,3,4,1
十八日_NT,1,0,1,1
双方_PN,1,1,2,1
举办_VV,2,8,10,3
专门_AD,1,0,1,2
讨论_VV,1,3,4,2
交流_NN,1,0,1,3
业内_NN,1,0,1,1
人士_NN,3,4,7,3
它_PN,1,0,1,1
经贸界_NN,2,1,3,2
良机_NN,1,2,3,1
之间_LC,1,1,2,1
往来_NN,1,2,3,1
截止_P,1,1,2,1
总数_NN,1,1,2,1
五千八百八十三_CD,1,0,1,1
对象国_NN,1,3,4,1
一百六十九点八亿_CD,1,0,1,1
前年_NT,1,0,1,1
百分之四十四点八_CD,1,0,1,1
预计_VV,1,4,5,1
增至_VV,1,4,5,1
二百五十亿_CD,1,0,1,1
据悉_AD,1,0,1,1
委_NN,1,3,4,1
部_NN,1,0,1,1
权威_NN,1,0,1,1
会_NN,1,0,1,1
着重_AD,1,0,1,1
公布_VV,1,3,4,1
贸易_VV,1,4,5,1
降低_VV,2,10,12,2
关税_NN,1,2,3,2
退税_VV,1,1,2,1
取消_VV,1,3,4,1
减免_VV,1,0,1,1
税_NN,1,0,1,1
保证金_NN,1,0,1,1
台帐_NN,1,0,1,1
关注_VV,1,5,6,2
关心_VV,1,2,3,1
谈判_NN,1,3,4,1
交换机_NN,1,6,7,1
民用_JJ,1,0,1,1
航空_NN,1,1,2,1
清晰度_NN,1,1,2,1
电视_NN,1,1,2,1
程控_JJ,1,0,1,1
进展_NN,1,0,1,1
议题_NN,1,0,1,1
对外部_NN,1,3,4,1
新华_NR,1,0,1,1
通讯社_NN,1,0,1,1
公社_NN,1,8,9,1
对外_JJ,1,0,1,1
合作部_NN,1,3,4,1
亚洲司_NN,1,1,2,1
使馆_NN,1,2,3,1
驻华_JJ,1,0,1,1
大韩_NR,1,0,1,1
振兴_NN,1,0,1,1
据称_AD,1,0,1,1
企业家们_NN,1,2,3,1
流通_NN,1,0,1,1
保税区_NN,8,4,12,11
沙头角_NR,1,0,1,6
绘就_VV,1,2,3,1
九五_NT,2,2,4,2
二十八日_NT,1,0,1,1
深圳市_NR,1,0,1,1
今后_NT,1,0,1,2
区位_NN,1,0,1,1
先导_NN,1,0,1,1
转口_JJ,1,0,1,1
仓储业_NN,1,2,3,1
辅助_NN,1,0,1,1
按_P,1,1,2,1
运作_VV,2,12,14,2
惯例_NN,2,1,3,2
区域_NN,1,4,5,1
领先_VV,1,1,2,1
特殊_JJ,1,0,1,1
快速_JJ,1,0,1,1
上述_JJ,1,0,1,1
除_P,1,1,2,1
外_LC,1,1,2,1
完备_VV,1,1,2,1
相应_JJ,1,0,1,1
物质_NN,1,0,1,1
人才_NN,1,8,9,1
运作_NN,1,0,1,1
下列_JJ,1,0,1,1
措施_NN,1,1,2,1
予以_VV,1,1,2,1
－－_PU,3,0,3,3
真正_AD,1,0,1,1
按照_P,1,1,2,1
通行_VV,1,2,3,1
贸易区_NN,1,4,5,1
自由_JJ,1,0,1,1
参照_NN,1,0,1,1
关外_NN,1,3,4,1
监管_NN,1,0,1,1
模式_NN,1,1,2,1
流动_VV,1,3,4,1
自由_AD,1,0,1,1
对接_NN,1,2,3,1
充分_JJ,1,0,1,1
优化_VV,1,1,2,1
硬_JJ,1,0,1,1
软_JJ,1,0,1,1
建立_VV,1,1,2,1
管理局_NN,1,1,2,1
契机_NN,1,0,1,1
领导_NN,1,0,1,1
一元化_NN,1,1,2,1
龙_NN,1,8,9,1
一站式_NN,1,3,4,1
做好_VV,1,4,5,1
引资_NN,2,0,2,2
转变_VV,2,9,11,2
即_AD,1,0,1,1
单一_JJ,1,0,1,1
综合性_JJ,1,0,1,1
功能_NN,1,1,2,1
传统_VA,1,1,2,1
零散_JJ,1,0,1,1
状态_NN,1,1,2,1
跨国_JJ,1,0,1,1
本_DT,1,0,1,1
世纪_NN,1,1,2,1
一百五十亿_CD,1,0,1,1
创汇_NN,1,2,3,1
十五亿_CD,1,0,1,1
二亿_CD,1,0,1,1
能力_NN,1,2,3,1
仓储_NN,1,0,1,1
二十万_CD,1,0,1,1
创办_VV,1,4,5,1
最早_AD,1,0,1,1
指标_NN,1,2,3,1
同行_NN,1,1,2,1
前列_NN,1,1,2,1
二十点五亿_CD,1,0,1,1
一点五亿_CD,1,0,1,1
客商_NN,1,1,2,1
十二月_NT,1,1,2,1
二百一十六_CD,1,0,1,1
统计局_NN,2,1,3,3
预测_VV,1,6,7,2
：_PU,2,0,2,2
全球_NN,4,0,4,4
带来_VV,1,4,5,1
给_P,1,1,2,1
很多_CD,1,0,1,2
机遇_NN,3,2,5,3
张锦胜_NR,1,8,9,1
二十九日_NT,1,0,1,1
一九九六年_NT,2,0,2,2
有利_VV,1,6,7,1
态势_NN,1,2,3,1
面临_VV,2,8,10,3
预测_NN,1,0,1,1
幅度_NN,1,4,5,1
百分之四点一_CD,1,0,1,1
因素_NN,1,2,3,1
亚洲_NR,1,0,1,1
强劲_VA,1,3,4,1
依然_AD,1,0,1,1
百分之七点九_CD,1,0,1,1
高达_VV,2,4,6,2
百分之九点七_CD,1,0,1,1
分析_VV,1,4,5,1
有利_VA,3,7,10,3
主要_AD,1,0,1,1
持续_VV,1,2,3,1
标志_VV,1,4,5,1
扩大_NN,1,2,3,1
稳步_JJ,1,0,1,1
二_CD,1,0,1,1
大幅度_AD,1,0,1,1
前来_VV,1,0,1,1
分析_NN,2,0,2,2
良多_VV,1,1,2,1
形势_NN,1,1,2,1
下_LC,1,1,2,1
严竣_JJ,1,0,1,1
挑战_NN,1,1,2,1
存在_VV,1,3,4,1
快速_AD,1,0,1,1
背后_NN,1,1,2,1
困难_NN,1,1,2,1
通货膨胀_NN,1,4,5,1
薄弱_VA,1,1,2,1
国有_JJ,1,0,1,4
足_VA,1,3,4,1
活力_NN,1,0,1,1
必须_VV,1,5,6,1
同时_NN,1,1,2,1
自由化_NN,1,2,3,1
本身_PN,1,0,1,1
竞争力_NN,1,1,2,1
困难_VA,1,3,4,1
一些_CD,1,0,1,1
负债_NN,1,0,1,1
七千亿_CD,1,0,1,1
质量_NN,1,2,3,1
参差不齐_VV,1,2,3,1
如_CS,1,0,1,1
无_VE,1,2,3,1
改进_NN,1,0,1,1
难_AD,1,0,1,1
竞争_NN,2,2,4,2
发展中_JJ,1,0,1,1
迅速_JJ,1,0,1,1
拓展_VV,1,1,2,1
激烈_VA,1,1,2,1
